image_width: 1440
image_height: 1080
camera_name: narrow_stereo
camera_matrix:
  rows: 3
  cols: 3
  data: [2369.85689,    0.     ,  736.93546,
            0.     , 2367.40314,  538.36646,
            0.     ,    0.     ,    1.     ]
distortion_model: plumb_bob
distortion_coefficients:
  rows: 1
  cols: 5
  data: [-0.056145, 0.117811, -0.000575, -0.000752, 0.000000]
rectification_matrix:
  rows: 3
  cols: 3
  data: [1., 0., 0.,
         0., 1., 0.,
         0., 0., 1.]
projection_matrix:
  rows: 3
  cols: 4
  data: [2358.31812,    0.     ,  736.03226,    0.     ,
            0.     , 2359.0415 ,  537.64587,    0.     ,
            0.     ,    0.     ,    1.     ,    0.     ]